4
-2:-1,5:7,3:6
181.79,281.44,403.51,391.91
263.49,378.95,183.85,302.14
142.40,359.64,103.03,370.77
141.24,157.40,377.87,370.56
172.24,104.71,268.41,437.07
283.82,270.07,377.71,380.63
5
-2:-1,6:7,4:6
-2:-2,6:7,4:6
-1:-1,6:7,6:6
-2:-1,5:7,3:6
-1:-1,7:7,5:5
-2:2,216:219,-5:1
942.32,885.71,1422.91,997.57,1641.72,731.13,946.22
975.76,1324.37,654.44,876.39,682.12,998.73,930.60
1652.45,1178.42,1526.27,695.67,1445.09,1652.55,1636.50
717.32,825.24,922.28,683.85,1377.75,542.52,975.56
818.08,987.91,1443.32,1465.33,799.53,1283.15,1038.03
933.23,769.96,1115.08,1522.71,1354.24,1376.36,797.33
869.43,769.70,1432.87,1444.79,1395.87,955.11,834.51
1269.61,880.45,1086.11,515.52,1283.08,1461.40,618.78
864.47,1140.16,876.82,1021.34,1010.39,855.54,942.49
1126.07,674.36,1655.41,563.44,1401.03,821.88,1339.96
718.68,1416.45,1449.02,1580.02,1251.35,607.76,1322.51
969.41,791.67,956.94,1473.29,1537.63,887.91,1107.66
994.01,980.29,1654.21,674.13,760.57,924.61,1326.91
1052.71,1021.48,1016.85,1632.13,1605.99,1195.87,810.72
890.97,1276.26,1540.13,1265.17,984.05,1488.21,1239.79
1021.71,1347.82,1391.01,871.86,1282.98,504.53,941.62
1341.02,1464.87,864.14,1220.91,994.54,757.11,875.26
702.96,1540.39,755.44,1354.18,957.68,1402.33,593.84
1305.26,1343.95,977.22,855.98,561.74,1077.65,1034.47
655.68,1377.09,917.65,1512.59,1524.67,962.17,741.69
6
-1:1,217:218,-4:0
-2:0,216:218,-3:-1
-1:2,217:217,-2:0
0:0,217:219,1:1
-2:2,216:219,-5:1
0:0,218:218,-2:-2
99:101,-3:3,-30:-21
759.08,948.40,689.60,569.26,853.32,741.78,760.54,531.00,972.40,890.30
913.30,569.78,903.96,820.26,847.70,998.26,617.36,710.36,889.70,857.32
849.24,813.74,811.96,738.32,918.02,821.98,611.34,993.00,631.58,632.74
705.58,752.34,737.96,654.72,813.86,899.94,875.88,950.24,911.10,519.32
957.64,915.52,738.56,974.14,970.54,835.44,665.68,807.46,953.68,558.64
810.32,959.74,746.06,795.42,980.60,580.78,919.74,869.12,574.42,907.12
779.70,646.24,769.88,932.62,594.86,950.34,924.14,749.48,899.52,816.34
874.48,774.08,796.74,677.72,689.58,582.84,704.70,650.96,917.60,926.46
578.90,800.08,879.82,934.62,796.24,893.42,892.16,760.46,980.36,569.08
747.30,513.42,739.76,971.48,705.92,970.18,958.78,877.98,700.00,512.56
818.92,686.40,701.96,883.30,768.14,705.14,569.60,804.08,689.66,631.92
968.14,742.36,839.14,739.88,532.02,813.70,926.36,845.20,768.78,904.00
812.32,956.28,824.70,911.14,933.08,693.76,942.44,953.14,716.68,613.70
907.84,920.76,962.96,869.28,793.64,982.14,553.40,767.36,715.68,863.38
701.44,593.78,954.64,703.50,647.33,682.58,604.64,788.92,942.96,636.46
737.82,730.84,869.16,802.40,822.16,506.92,575.76,630.80,878.04,524.06
740.44,731.34,939.64,721.10,938.52,914.44,994.44,509.10,571.22,624.98
766.48,569.08,603.24,817.22,568.82,865.34,728.30,968.82,583.30,925.16
536.13,554.96,566.94,791.80,935.40,610.90,702.68,635.04,700.74,755.44
843.62,655.68,826.36,866.88,949.86,959.44,965.82,793.10,868.78,900.36
791.68,509.50,876.42,717.80,951.22,908.08,948.00,938.86,909.90,960.06
5
99:101,-2:2,-25:-22
99:100,-1:3,-27:-24
100:100,-3:-3,-21:-21
99:101,-3:3,-30:-21
100:101,0:3,-29:-23
4123:4127,-988:-987,999:1010
200.20,304.52,361.81,159.47,112.78,451.09,448.92,357.72,306.78,366.74,214.48,393.24
221.60,289.75,337.05,457.73,351.09,216.47,257.86,494.06,352.98,145.60,300.55,390.76
118.54,328.32,490.43,136.91,396.85,233.67,337.00,476.45,237.01,270.72,130.85,145.26
175.15,437.51,110.37,312.99,357.74,391.78,125.82,224.08,452.19,156.27,480.20,389.10
222.87,117.09,106.90,221.45,149.99,111.82,206.29,251.21,104.66,268.56,439.92,269.02
448.20,465.51,234.45,306.97,215.26,347.89,143.06,238.87,467.61,475.12,422.43,460.85
223.44,390.92,399.29,333.11,325.51,285.27,366.96,197.34,213.08,116.54,285.35,464.79
194.99,154.34,254.20,338.91,430.59,361.34,241.89,314.48,437.32,188.68,330.39,451.14
487.13,233.64,318.67,316.28,148.65,348.78,339.39,104.25,273.10,447.04,418.74,225.54
121.51,330.14,315.76,273.50,363.75,166.08,159.86,108.47,327.85,106.81,257.97,279.33
7
4123:4125,-987:-987,1000:1009
4124:4124,-988:-988,1001:1002
4123:4127,-988:-987,999:1010
4125:4126,-988:-987,1005:1005
4126:4126,-987:-987,999:1010
4123:4127,-988:-988,1003:1007
4124:4124,-988:-987,1002:1009
